Старый;ФАИС;2,2,2,8,9;130
Мекаилян;ГЭФ;9,10,3,3,5;340
Друже;МСФ;1,1,5,5,3;25
Новый;ФАИС;9,9,9,9,9;220
Александров;ФАИС;1,2,9,9,4;100
Новиков;ЭФ;8,8,8,7,4;110
Абрамова;ЭФ;4,3,10,5,4;125
Кузьмин;ФАИС;10,10,4,4,3;115
Кузнецов;ФАИС;9,8,8,9,7;135
Леонов;ФАИС;2,3,7,7,5;95
Королёв;ГЭФ;9,9,9,9,9;224
Сидоров;ГЭФ;2,5,3,6,6;146
Бурунов;МСФ;6,6,7,5;135
Леонидов;МСФ;8,10,8,8;178
Кудрин;МСФ;0,2,5,5,4;90
Кольчужин;ФАИС;1,1,10,10,5;126
Лазарев;ФАИС;8,8,8,8,8;210
Богданов;ФАИС;1,5,5,9,9;120
Воробьёв;ЭФ;2,5,8,8,9;150
Громов;МСФ;9,9,10,10,10;240
Зайцева;ГЭФ;4,7,8,10,5;160
Щербаков;ФАИС;3,6,9,9,6;145
Мухина;ЭФ;6,8,7,9,8;200
Коновалов;МСФ;7,7,7,7,7;155
Попова;ГЭФ;8,8,5,5,5;140
Киселёв;ФАИС;5,7,9,4,6;135
Гусев;ЭФ;10,9,2,3,4;115
Фомина;ЭФ;7,6,5,8,4;135
Матвеев;МСФ;8,1,1,10,10;122
Исаев;ФАИС;9,9,10,7,7;175